cube
0 1 0 0
0 0 1 0
0 0 0 1
1 0 0 0
cube
1 1 0.5
1 -1 0.5
-1 -1 0.5
-1 1 0.5
ghost
-3	-4	1
-5	-2	1
-7	-4	1
-9	-2	1
-11	-4	1
-13	-2	1
-15	-4	1
-15	8	1
-13	10	1
-10	11	1
-8	11	1
-5	10	1
-3	8	1
ghost_right_eye
-5	4	1
-7	4	1
-8	4	1
-8	7	1
-7	7	1
-5	7	1
ghost_left_eye
-10	4	1
-12	4	1
-13	4	1
-13	7	1
-12	7	1
-10	7	1
ghost
0	1	0	0	0	0	0	0	0	0	0	0	0
0	0	1	0	0	0	0	0	0	0	0	0	0
0	0	0	1	0	0	0	0	0	0	0	0	0
0	0	0	0	1	0	0	0	0	0	0	0	0
0	0	0	0	0	1	0	0	0	0	0	0	0
0	0	0	0	0	0	1	0	0	0	0	0	0
0	0	0	0	0	0	0	1	0	0	0	0	0
0	0	0	0	0	0	0	0	1	0	0	0	0
0	0	0	0	0	0	0	0	0	1	0	0	0
0	0	0	0	0	0	0	0	0	0	1	0	0
0	0	0	0	0	0	0	0	0	0	0	1	0
0	0	0	0	0	0	0	0	0	0	0	0	1
1	0	0	0	0	0	0	0	0	0	0	0	0
ghost_right_eye
0	0	1	0	0	0
0	0	0	0	1	0
0	0	0	1	0	0
0	0	0	0	0	1
0	1	0	0	0	0
1	0	0	0	0	0
ghost_left_eye
0	0	1	0	0	0
0	0	0	0	1	0
0	0	0	1	0	0
0	0	0	0	0	1
0	1	0	0	0	0
1	0	0	0	0	0
ghost
13
ghost_right_eye
6
ghost_left_eye
6
pacman_eye
8
pacman_eye
7	3	1
6	3	1
5	4	1
5	5	1
6	6	1
7	6	1
8	5	1
8	4	1
pacman_eye
0	1	0	0	0	0	0	0
0	0	1	0	0	0	0	0
0	0	0	1	0	0	0	0
0	0	0	0	1	0	0	0
0	0	0	0	0	1	0	0
0	0	0	0	0	0	1	0
0	0	0	0	0	0	0	1
1	0	0	0	0	0	0	0
pacman
0	0	1
0	4	1
2	7	1
5	9	1
8	9	1
11	7	1
13	4	1
9	2	1
13	0	1
11	-3	1
8	-5	1
5	-5	1
2	-3	1
14	3	1
16	3	1
16	1	1
14	1	1
18	3	1
20	3	1
20	1	1
18	1	1
pacman
0	1	0	0	0	0	0	0	0	0	0	0	0	0	0	0	0	0	0	0	0
0	0	1	0	0	0	0	0	0	0	0	0	0	0	0	0	0	0	0	0	0
0	0	0	1	0	0	0	0	0	0	0	0	0	0	0	0	0	0	0	0	0
0	0	0	0	1	0	0	0	0	0	0	0	0	0	0	0	0	0	0	0	0
0	0	0	0	0	1	0	0	0	0	0	0	0	0	0	0	0	0	0	0	0
0	0	0	0	0	0	1	0	0	0	0	0	0	0	0	0	0	0	0	0	0
0	0	0	0	0	0	0	1	0	0	0	0	0	0	0	0	0	0	0	0	0
0	0	0	0	0	0	0	0	1	0	0	0	0	0	0	0	0	0	0	0	0
0	0	0	0	0	0	0	0	0	1	0	0	0	0	0	0	0	0	0	0	0
0	0	0	0	0	0	0	0	0	0	1	0	0	0	0	0	0	0	0	0	0
0	0	0	0	0	0	0	0	0	0	0	1	0	0	0	0	0	0	0	0	0
0	0	0	0	0	0	0	0	0	0	0	0	1	0	0	0	0	0	0	0	0
1	0	0	0	0	0	0	0	0	0	0	0	0	0	0	0	0	0	0	0	0
0	0	0	0	0	0	0	0	0	0	0	0	0	0	1	0	0	0	0	0	0
0	0	0	0	0	0	0	0	0	0	0	0	0	0	0	1	0	0	0	0	0
0	0	0	0	0	0	0	0	0	0	0	0	0	0	0	0	1	0	0	0	0
0	0	0	0	0	0	0	0	0	0	0	0	0	1	0	0	0	0	0	0	0
0	0	0	0	0	0	0	0	0	0	0	0	0	0	0	0	0	0	1	0	0
0	0	0	0	0	0	0	0	0	0	0	0	0	0	0	0	0	0	0	1	0
0	0	0	0	0	0	0	0	0	0	0	0	0	0	0	0	0	0	0	0	1
0	0	0	0	0	0	0	0	0	0	0	0	0	0	0	0	0	1	0	0	0
pacman
21